e- 1111 .-

11111111. 1111. 1111111. 111. 11, 11. statem 1111111111.
ω· Π, 18. 1111111Π,18.66.29.119. sublicis 486.

6011111111 104.11,1⁸.119. medix 753. Π,18. 11916. tota-111.
111. 11111 111. 111. 111. 1,
pihom 103. 11, 118. 111.
11111111 435. 575. 581. 715. pis 115.
11, 191. -pis 11, 818. Volautrum 586. Π,18. 119.
(1111381. 714. Π, 340. 996.
(1111111 11, 118. 11 898. 899. 779. venelia 71611, 18. 27. 60.
, sepis 698. Π, 918. 909.
11111ῐί111011 375. ll, 43. sepu201.ss‚18.19.21.119. 71111118 575. 581. 639. II,
118. 1111111111 415. 11, 18. 181.
estu Π, 13. 248. 1022. vinu 111541. 1512. 11119.

6111111111.

Δ11111111111 11, 686. Herkole II, 988. Ι3111111111 Π, 689.

Achmemrun Π, 368. ’1111111111 Π 364.

amr 311. 111. 1111111, 111. 11111111 11, 311.

11111167. ’ 1111111 11, 669. Τ11111111111,684.

61111111 87. ’1111111111 Π, 364.
1111111111 ΙΙ, 668. Tarchon 11, 363.

(11111111 11, 886. 1111111111 11, 388. · Tarehumenaia 11111.

11111111 11, 679. Mezentius 616. 696. ’1111111111 11, 686.

01111 lI, 666. Tarcna 11, 684.
Ρ11111111 1 11, 386. ’31111111 11, 661.

. Ε11118 II, 386. Pultuke 11, 372. 533. 815. Tolumnius II, 171.

Ρ11111111 ΙΙ, 373. 133.

Heracle 11686. Pulutuke 11111. 569. 815.

1111111111, 386. 7111111111, 171.

1111111 ΙΙ, 388. 1111111111 11, 689. Velimnei 11, 171.

11111111 11, 686. 7111 67.

Hercle 11, 386. 71111111111, 669. 7111111111 11, 171.

 

