-335 -³

¹der Spraehe wie in 111 Seele des 111111111; 11 111111111 811111-

111311111 Widersprdche in der 111113111111113 111 8111111
wie in der 1111111111131111 111 111111111111 sich im 1111311 1111111111
11111111111111131111111111. 1111111 111 (1111111 3111111 1111 3111,
1113111 111 11 11111 31111111 (111111 von 111111 wie ven Menscben;
1111 3111 311111111111 11111311 1111 11111111111 111 111111 11111111
neben einander 1111 3111 3111111 1111111111. 1111111 111 (111111 111·
11111 hequem 1111 111111111; 1111 111 1111111 nied 11111113 111
111 dene Widerwillen 31311 diese Einennigkeit 1111111111 111 Zwie·
trecht. 0111 111 11111 111 11111 genesen, dass der Mensehengeist in
der 111111111113 111· 81111111 111111131111111111113111111113·
1111 111 11111111111111 11111 1111111111 1111111 1113111, mit dem
Fortsehritte 1111111111113 1111111 mehr 11111 11131, mit der 1113111111
3111131111111113113 111811111111111131 111 1111111111
11111111111111111111111111111111 (s. 11111 11, 34 fi). na 111
3111111 oder 1111111111111 1111 111111111111 1111111111 1111-
1111, 111131111111113113 111811111111111131 111111111111 113111111 ’
111 11111111111111131, 11 11111 1111111 11111111 111111111131111111111 ··
1111111111111111111131111,11111111111111111181111111111111
1111111111111311311111, 1111111111111113111111, die sich
11111111111111111111111111,111111111111111131111111
11111111311111111111111 1111111111311111111. 11111111111111,
1111111111]111111111111111111118111111,1111111111111-
1111131111 1111111111 111 1111 1111111131111 111111111111,
1111 jene hequeme 111 111131111111 111311111113 1111
111111111113111111111111111111111311111. Die 1111111·
111111111 (11111111111 111 111 1111111111 81111111111 seit
1111111111111 11111111111111111111 111 1111111111131111111 111 111-
111111111111, 111111111111 111111111111, 111 111111111111111 und der
1111111111811111111111111 111 11111311 113 11111 111 11111311111111
811111111311 11 1111113111 111111111113111111 genesen, wie in
11111111111111111111 1111111111 111 (1111111111 1111 11111111 her·
11131111111 111. 1111 111111111111111111 111 Censnnanten zu Vnkalen
111111131111111111, 1111111111111111111 11111111111111111
1111 111111111 311111111. 1111 111311111113 111 Flexions·
11111311 11 111 111111111 111111111111 8111111 durch den
11113111111111111111111111111111111111111111111111131111
111 111 1111111111 111 1111111111 istim 111111311111111111111111 111

8111111 3111111111. Dese 1111 111 111111111113 111 1113111- ,

111113 1111 111111111111 111 111111111111 111111 111 1111-
selben Grunde wie die 11111111ῑί11 111 (1111111111 111 dem 11·
1111111111111111118111111111111111111311111, 11131111
1111111 111 81111, 1111111111 1111111113111111111111111111111 111
1111111111 11 diesem 1111111111 111131111111 werden.

 

