1111111473. 732. ΙΙ, 20. 25.

1101111111. 100. 11, 22.
350. 539.

1101111010 696. ΙΙ, 688.

11010101 473. 712. ΙΙ, 350.

1111111010 712.

11107οτ101 310,

11010- ΙΙ, 21.

com· 11, 21. 114.

1011110100 195. 429. 536.
111. 11, 111. 010.

hombennieis 429. 559. 768.
11, 20. 112..

00100001 713. 774. ΙΙ, 376.

00010101 774. ΙΙ, 376. 379.

0011010 ΙΙ 376. 379.

coffiom 11, 114. 010. 110.

eomparascuster 808. ΙΙ, 19.
30. 57. 253. 283. 388.
429. 565. 566. 602.

00011110 202. H, 21. 116.
537. 909.

Κοττειηις 789.

Kupelternum 586. ΙΙ, 113.

1110100101 74. 377. 570. 696.
698. 699. ΙΙ, 125. 193,

1101010101 567. 570. 731.
mmmm

10105111, 114,

λεικειτ 780. ΙΙ, 1014.

10111011 559. 560. ΙΙ, 579.
mm2

1180001011οί 732.

11301010 444. 445. 446. 712.

ligia 444. 445. 446.

ligud 203.. 444. 445. 446.
ΙΙ, 49. 116.

liimitom 11, 48. 112. 211.
212. 301. 606.

11111071 206. 500. ΙΙ, 290. 732.

&mmmmm

1100001789. ΙΙ, 1014.

1101101011 559. 560. 111014.

10031.. 672.

10011110οο00 151. 171. 315.
367. 672. Il, 114,

Λουκανομ 315. 586, 11,113.

10711010 151. 171. 315. 367.
mmmssm-

10110001οί0 315. 591. 671.
771, 789. ΙΙ, 388.

110111. 315. 671.

11011110 367. 11, 388.

1101110 315. 367.

1101111110 ΙΙ, 912.
Μο01110 ΙΙ, 912.

Μ331013 712.

1110011010 591. 771. 789. ΙΙ,

536. 909.

-. 1010 -

Maenius 91. 631. 689.

1100011100 ΙΙ, 537.

11011110 695.

1110111130 90. 695. 770.

mmwmffiwfflL
42, 215. 248. 537. 600.
601, 737.

Μο1101712.

Μο10110 ΙΙ, 912.

10011001 ΙΙ, 114.

100101120211, 19. 116.

Mamercus 405. ΙΙ, 429.
m

Mamers 405. ΙΙ, 429.

Μαμερτινο 405. ΙΙ, 20. 429.

Μαμερτινουμ 405. 585. 11,
113. 429.

Μαμερτιον ΙΙ, 429.

1000101 431. ΙΙ, 19. ΙΙ, 54.

Μο1011010 303. 404.

Μαραι 695.

Maras 404. 588. 1119. 43.

ωΜοοἩ00

1001111100 381. 753.

meddix 583. ΙΙ, 605. 908.

meddixud 202. ΙΙ, 116.

006100110011574. 583. ΙΙ,
48. 114. 260. 1015.

1100100101 202. 583. ΙΙ,

1101111101 732.

111001111θὶ0 ΙΙ, 815.

11101101 151. 772. lI, 19.

1101101010 303.

Μο11100011 ΙΙ, 20. 815.

1001111101 469. ΙΙ, 20. 29.
250. 585. 911.

Mestrius 11, 912. ,

01011110 381. ΙΙ, 20. 30.

ωωωοωω
551. 909. 912.

01011010 ΙΙ, 537. 551. 912.

1101111οᾶ 202. 712. ΙΙ, 308.

ωωωωωω1

11011110- 372.

1101100111155.

0101100 769. ΙΙ, 155.

mmmmstm

1001101111 11, 17. 21. 115.
155. 735.

molto ΙΙ, 155.

1011110011, 192.

1701011011388.

Μο111 II, 80. 605.

10789. ΙΙ, 460.
101 739.

neip 786. 789. ΙΙ, 606. 908.

AEQMst

mmmmmffi

908. 915.
nerum 586. 112025. 115.
0110101010 713.
0001110111 ΙΙ, 20. 115.
mmmmm
Niumeriis ΙΙ, 127, 192.
Νιυμσδιηις 789. ΙΙ, 192.
1501001010 768. ll, 102. 912.
11101001οΙ1, 127. 718.
1101011011 ΙΙ, 21. 24. 63.
Νο1100010 712.
1701111100 315. 071. 754.
··11‚21.'·24. 63. 110. 114.
1701100110 536. 670.
Nuvkrinum 315. 586. 670.
010000

01011 11. 01. 11, 110.

01111111 586. 712.

Mmmmm

0111101712. ΙΙ, 111. 113.

οωωω1ω

0105001 195.

op 118, ΙΙ, 20.

0110000001 210. 55111, 20.
28. 192. 910.

01100 Π, 110.

ουπσενς 554. ΙΙ, 570.

01100 ΙΙ, 21.

-p 115. ΙΙ, 915.
Ρο0101 ΙΙ, 605.
Paapi ΙΙ, 718.
Paapii ΙΙ, 718.
ωμωο0000
pwmmm
pai 115. 696. ΙΙ, 460.
pam 115.
pam 115. 11, 223.
Fan 115. ΙΙ, 919.
apii ΙΙ, 718.
2ae 115. 754.
010001 ΙΙ, 19.
1101010100 553. ΙΙ, 19. 572.
1010101425. 570. 731. 11,
19. 30. 536.
1101010001 ΙΙ, 20. 22. 908.
1011000011 470.
Περκενος 470. 11, 112.
Ρο11010470. 11, 605. 908.
mmmmmm
-pert ΙΙ, 915.
0011010001 ΙΙ, 377. 379.
0011010101 ΙΙ, 377. 379.

mmmmwma.

perum 778. ΙΙ, 115.
peffim ΙΙ, 20. 30. 73. 111.

 

