-216-

1111011101011 (s. 011011 Ι, 2811. 1111 s. 11, 41), 0011101001ῑο 11000 1101
1101010011110110011 0111 -00 11111011 1100 Ε10111100 1100 folgenden
0 zu i 01113010111010111110, 0011011110 1111010 8111001ιο 1110811111110110 -01
10 den 0111111000 110011011011011110, 1110 01101010 8111001ιο 111000 110110111οη
1-01011110011 111 1101 11011110οῑ100 3101011 3001011010. Νο01111010 eben 1110
1-010111010 100130010111 01011, 111011111101 111101 01111101 1111011110011110111 81030-
10110001-0011111101011, 10001 01011 01111 011110011111001101111111011, 01011100
11101101 300011011οη 101, 0111001100, 0010110 1101101 10110101010011001101110
Β111111113011 11111 11010 8011111 -00 01011. 8010110 01111110 01010111010 1110-
101113011 Νο1111001111011000 001-00 1101 dritten 11011110οῑ100, 1110 1101 Remi·
001100 [1101110111 1101 11110100 01101 110111000100110020111011100301 111111-
silbe gemessen sind 101 101011001101011010111 1100 folgenden 1101100 01111
1031010111101011 3010 8111001111011111110101 01111 11111011 1110 1100003011 1101610111-
100111101· 110010113101011. 8010110 0111111
0101100, 100100, 11111100,
, 0001100, 1101100, vetes,
000100. 11111100, 1110100,
101100, 101100, ’ 011110100
1000, 001100,
(vol. 1110110. 1, p. 40. K. 0. 0., Neue, Formenl. 11. Lei. 8111. 1,
119 s. 0. e). Wenn 0011011 11100011 11111011 1110 1110000113 3001011011οι]
1101110110οη 10 110011001111110111110 801110111001000 0001110, 0101110, ceu·
110, 11110, 11111110, 101110, 001110, 10110, vulpis 1011010010111α.θ.
’ 1, 1801, 00 011111 1100 1110111 10111100 1101 11110100 01101 1101 1100010011011
8111010110, 00011010 1101 0111110100 1011, 0101110 1003101001103 1101Νο1111- ,
0011110110οη 100 8111100100 001-1 111111 0111 -es 010 01011 10 3101100 0011113,
01101 1101 010110101010011011 10110011100110, 0101110 1101101111οῃ 001 -0011011 -10
1100 1100111011οη [101010001011 1101 0000111111 01111 1101 10101101111103 einge-
1111001 1101100 11011 11110101111103 3010111οη waren. 100011Β11111103000101100
, 1111011111111111111110300 1110 0111100010, 001100010, 1011100010, 1101100010
(Prisc. 111, 33. H.) 11118011001011011011 plebes, 11100, 100 1110 1111111-
001110 111011001110, 11100010, 1001110. 1101 1111111103 dieser [1100001110
waren 0110 1000 81010100 1111 81110011110000010010 001100 10 001 -0 01101011-
1001100 8101110100 3000111οη, 1100 0 ihrer Suffixserm 001· 1013000011 0011 . ’
1011100111. 8010110 Νο11111101110 001 -110 sind 0001111010110101001111101001100
111ιο0030 1101 11101111110111101 0ἰο 110011 11011101101110101003 11011100110011111100
000111 ’
0001100, Prisc. 11, 211. 011111. 1, 1140. K. 0. eben 1, 111. 326.
101100, Prisc. 111, 1211. Char. 1, p. 32. 93. 143. 146. 00011101.
p. 548. Ι1’. Proh. Α11110011.11.198.Ι(. Die 11110111101111 10110 110-
110101, 11000 101100 010 81011110 0111 -00 001, 010 dies durch die
Ablative 111010, 10100 1111 100100, 101000 1100101131 111111 (Prisc.
111, 12. 11, 29. 11). 11011 dees 0100 010110000100011, 11000 101100

, 000 tabum 011101001100 001.

 

