-116-’-

15151, 1551111111, 511151,
155151, 1551155151, 5551151,
1155151, 5111115551, 515551,

1115115151, 5511155151, 511551(

(1115151155. 0. (11555. 11115111. a. 0. S. 21 s. 24. 35. 79s. Vers. Z.
1551318551841. V, 129 s. 11112511. 111331. 359. 5. 5155 I,
202 s.). 05153555551511551515111551111( 155 55555115511551155 81551·
51511 15 ·51 35515115115 155 1515155 15115151 155 Bantia:

11351, 11115111. 5. 0. S. 16. 36. 5. 5155 I, 203.

15531551, 5. 5151111, 113„
1515555 5155115 8511111515( -51 515 115 511515 -od 151 5515151555511
·1(1, -51 155 5555555111155555 8111515155 5515511551 (s. oben 1, 199. 205.
1341. 738).

1115 151155551553 155 ὅ 15 Il 551 155 (1111 1115 055551515551511
0515515155 551 55111155 555155155155 1151151555 15551 5155 im Oski-
55555 515 11555155 555115515511 sehon 1111 155 251151151 151 8515-
51151111535 15 5551551111515155515115155515 (vor 304 5. Chr.) In
Formen 1551515111 Singularis wie TIanud (334-1691. Chr.) 551 155
11551111 11515115 515 Ν111111155511115151515515 (334-1691. Onu).
515551511551151553 5155551111 5511 dem Ζ51151151 155 1551155 Ρ5111-
5555511115355 15 Ν5151551111ο111155 151 5551551551515 1 515 (11111111
(216-1805. Chr.) 55115 1511511111515155 515 1115515551515 1216
-180 v. 0115). 15 1555551111511555 551555115155 Νο51551111ο11555 155
0515515155 5111151511 155 ὅ 1515551551551515 51551 15535155 5515155511
5515511515 115515153551 151 151151151 151 (11555555 515 1515
0155515111535 15 151115551551115515155 Bantia, obwohl sich sehon
Accusativformen 515 151551 115155. 111535355 5151 5555 dieser 2511 15
0511155555 855111151551155 151 5115155155 Ζ511, 15511115115515515 Ca·
pua 115115155511553515551, 11515555 1555551111511555 155 0511515155
551 -551, -5 515 1151511551, 1515, 851155 5155151155, 515115 515111-
511511 551 35555511115555 (15515555 1553511151515151555581115555 15 Cam·
1155155355155551155 35551155 551. 151 0511155555 wie 15155151·
’ 5155555 551151151155555 551 5155 115 151155151553 deso
zu u 1155151113 5531155511, 151 0511155555 515 1111 151515155555 151515
5151 55511 1553551 8555511155 1550515551551135115155155551 151-
11511555551 3511111155. ⁸

1151 85551115555 0151511151 555 515511551515555111155 11111515-
1151151551151 551 1511151515155551 8551111. Die beiden 155551111511 151
815155151101555515 5510111115 1551111155 515115 555155355-
11115113355551511518551111355511115555, 115 11151 151 515 155 35-
55115115115 055115555155, 515 551555 555151151111551155535555555515115511
5111, 515 1111511155511511 1515511155 515 11511511115551153 in der 115351
1151115515155515135551115Ρ5111115 (5. (111511, 2). 8155151115
51155155 1155151151 5111151155551 85155115 1151 8551111, 115

 

