-235-

, 16666666161166, dass ,6116 1161166166 1116161616 1611661116 61666611661661-
66661661 66 61616166 816116 6616661666.

1116 6666661166616616661666 16, 66611 t so 6666166161 6 666611161166
166 1661661 6611 61166 161166 616 1166161666666 6116166666 16-
16616, 666666111616 6666 6, 6 6661 6.

96666666166116166 11 6166 81166666, 6166 sich 666 116666661-

11166161661161166166866661666661616166166161661666,1161116616666661· . .

Altslavischen 16 6166116661 zu ὄ 6661666611 1661 16. 61666 11, 43 1.), 161
6661661661 16166166611616666 6166661166 661616666166616161166
1616161661666 6661 [16616166166 wie 166116166161661666, 611161661661666 66661 Li·
' 1661661666, 1661666 1 616616666666161616611166 1661661661161. 86 6616166·
6166 16 61616166 116166 die 1οο61161666666ε1

16666116. λύκε, 11161. 611116, 111. 6111616
6666 61666 666616666666 6666611666] 6166 81666666 666166- 16. 61666 11, 43.
41. 66661. Gr. Et. 66. 89. 2Α.)’.
. 6166 6666616611616666 1 6166 16666661661616666666 166- 16161 6616166166
166 6166 66161111661666 1661116616

-6616161-66 6. 6.· , ’
[Alf. 1166616. 86661. 1, 139. 8616661666, Ζ. 1. 66661 866113131661.

[1611. 11666166. S. 991. 6. 6166661, 592, Α66666.,) 6666 6166· 666616 6661166· 6661666 ’ ¹

6116 116616 66166 661661.
116616 1161611 61666 666661661161666 66 161166 6166 1661666166616616166 a
zu 8 616666616616161666

66616 que, Gr. πέμ· πε, 111, pen· -161, 8166. 6661- -116611166166 (1.6
629. 6.,616661691.16) 116 1661616161661666 qu 6661 6 616666616

6666 p 6616166166 616661, wohl 61666 6666616161 p 1666 16616161661666
“ wie 16 6166 6666661166 8666616666 666 6 (1) 166666666666666 161
(1661. 11611. 16661616. S. 111. 6. 616661, 69. 1116418), 66 161
6116· 1166616161 wohl hegrssndet, 61666 *kam-kam 6116 6666116666 6166
1611666166 6166 1166166161 ist (16661666, 1161661 116666. 66 61. Ver-
6666611661. 61. 26616166. S 1161. 121. 121. 128 6166611111 666
6666666 61161661666666 166616-11666666. 16611161. 1666616661. 61 661. 6
1611. 16. April. 1868, 6. 11. 1). ’
Der 16161616616616166116660-611666666, 6166 nach 8616166166
(16611666166116661616666616 6166 61661661 66616161 161, 1661 61616
6616661661111616161661666 6616166666166616161166 11666. 8166. 666 Pro·
666616611666666; 66 1661666 611666 Ν66616611616666666
6116, 166. 866666Ι Tulli, 116616. 6661666 61166, 16666661.66611666.166666-
plorare, 6. 230. rum, Varr. L. L. 111, 42.
66666 81666666 616· 16 olo-es, 61-166 u. 6. 11661. 11611. 1161168. 301.
11. [1661666661. lucret. quaestion. 6. 34. Neue, Formenl. 61. 1666866.
n, 151. 6. oben 1, 285. 101) 66661 16 6166· 66116666 Fortu:
1116, plaut. Ter. 66. 66. C. 1011 (um 133-10 v. 1116,). 818. 1912. ,‚
1481.

 

