’ 1111116111, 946917.

’ 166111 661.

„m4-

ponne 116. 11, 917.
1161 116. 11, 916. poplo 714. H, 917.
116166 379. Π, 173. 379. 11611161 714. 766. ΙΙ, 909.
116116 379. Π, 193. 176. 379. poples 11, 497.
1161116161 790. poplom H, 43. 193.
11611191. 11611111 166.

11611111 ΙΙ, 16. 99. ’ 116166Π,17.
1616116111 ΙΙ, 960.
pepurkurent H, 960.
11111116Π,16.

116111, 17.

-1161 ΙΙ, 917.

1161116161 746. ΙΙ, 964.
mmmHm
1616161161611, 646. 917.
1111116161 303. 11, 376.
perne H, 376.

11611616 Π, 78.
1161111111 943. 607. 606. H,
19. 90. 99. 60. 78. 983.
mmmmmmwffi

1161111111 ΙΙ, 949.

798. 799.
portatu H, 17.
11611616 166.
116111, 696. 606. 906. 916.

606. 906. 916.
1161111111, 17. 637.
pacatarum 669.
pre Π, 378. 918.

731. 919.
mmmmm
111. 111. 1111166111 1111111.
ffiffiffinmm
499. 430.
Ρ1616ο66 416. 11, 17.
ffiffiffffimm
1116116 II, 637.
1116161760.
1161111661 H, 76.
1111161616 764. 780.
1111131666 764. 760. H,
prinvatir 714. 760. H, 910.
1111116661764. 760. ΙΙ, 196.
11666161611464. Π, 430.
1111116769.
...311111 11·
11616116 66.
prusa 904. Π, 17.
11111111 769.
111611111769.
1111161611 609. H, 16.
1111116116 609.
- 11906.Π, 916.
61116116 713.

1111111111116 11, 97. 739.
11616 11, 377. 376.
1611161176.

6161611616 Π, 646. 917. ,
1611111116 116. 906. 674.
,616

1161111- 116. fl, 16. 90. 97.
1616116611 116. H, 17. 99.
1161146.

11111116.
pmffimmm
1111161111 103. 903.

1111161111 H, 349.
pmmmmm

11111111 607.
mmmmmm
ffimmm
ffimfflffiw.
1111161 1111111, 666.
1111111161 Π, 379.
1111111161 11616161 409.
pir Π, 916.
111116 Π, 919.
-pis 116, H, 916.
Ρ11611111161713.
pmmm
ummHm
116116 116.
pune 746. 11, 919.
,mmmmm
11111161 746. 763.
1111116903.
1111111111 ΙΙ, 193.
1)111-Π,17.
1111τῶ111611 63. II, 199.
1161611161 63,
161611161163. Π, 199. 431.
1161111161 63, Π, 431.
1116111611 63. H, 431.
1111111116 11431.
1111611611 ΙΙ, 43. 193. 199.

pisi H, 916. 916.
plener 714.
{lotos 661.

-116 906. Π, 916.

podruhpei 116.

poe 116. 764. 790. Η, 679.
677. 916. 919.

mmmmmHm
677. 916.

ῳωωΜωηω
677. 916.

Ρ6111161161 770.

Ρ611116116 116.

11616 116.

pom 661.

1611116161 ΙΙ, 963.

11611616 164. H, 361. 673.

11611 163. ΙΙΙ, 17. 91. 696.

1116116616 ΙΙ, 346. 430. 431.

1111161166 664. 671. Π, 61.
189. 990. 409. 481.

pure 116.

puri 116.

11111116 H, 17.

1111116111 H, 17.

1111111616 H, 76. 613.

11111116 ΙΙ, 431,

punitas 11, 461.

1161111111, 193.

1161661611 666. H, 61 . 990.

pmmmen

mmmfflmffim
908. 918.

11111116 116. ΙΙ, 646.

111111Π, 391. 399. 376.

11111611 H, 399.

pmfflmmm

11611111 Π, 909.

1166161116 116. ΙΙ, 637910.

mnam&
ssffimmm
&Hm
mmmm
rufro H, 636.
mmm
1161166. 661.

1611111767. Π, 14. 909.
161116 746. 767.

16616 H, 966.
1611161746. 767. ΙΙ, 964.
16111611 746. Π, 964.
16111111 767.

166111 761.

Sace 966.

16111Π, 14.

161161143.

salvom ΙΙ, 14. 43. 193.
661111 966.

661116 66. 966.
66111611964.
16611110111 123 716ἐ3609. Β
1116 , . .
1616111161 146. 177. 366.
466. 764. Π, 196.

1616 468.

1111161161 11, 16.

161111ἱί6116 661.

1611 Ι, 69.
1611161714.

1611111 ΙΙ, 17. 990.
16111111 466. ΙΙ, 16. 990.
16116116116111 669.
16116116116 ΙΙ, 16.
161611 Π, 960. 666.
1611116 ΙΙ, 960.
1611111 11116,
1611111116 746. ΙΙ, 964.
16161111 746. H, 964.

 

