-· 761 -

tu'a. Plaut. 7116. prol. 111. ρ. 164.

Afran. eom. B. p. 179.

111661, ,7666 7166. 11. 11. 9,

611611. Com. p. 176.

1666, Ter. Andr. 1, 5, 61. 711111.
Com. 11. p. 95. 611616061611.

p. 146.

1611, 71116. 0616111616. 0666.
a. 0. 1146. Aet. Traq. 11.

11. 182.

111116, 1111611. Com. 11. p. 184.
16116, plaut. Trin. 6. 0. Atta,
Com. B. p. 139. Ter. 14116611,

2, 16.

1116111, [11666. 7166. R. p. 90.

1616, Ter. [7161111. 111, 3, 10.
0666. Com. 11. p. 63.
66661, 6116116611. p. 38. Ter.

Mffwssffi

666, 7616261. 7, 54.

6666, Titia. Com. B. p. 121.

66161. Au. 716611. p. 165.

666, 17661. a. 0. 11. 6. Au. 6.
0. p.. 183. Tilin. Com. R. p.
130. 16661, 1022.

66716, 1766666616. 1110. Ter.
Andr. 17, 5, 11. 111111. Anu.
v. 278. V.

6616, 17661. 71111. 6. 0. Naev.
Com. B. p. 22.

05. 616161, Ate. 7166. 11. p. 183.
1111. 131111. 7163. 11. p. 18. Ter. 661, Ε1111.11·66“.[1.56.Ι1.
Eme. 17, 7. 32. 711111. Com. R.
1179.
1131. 11116, Ρ16111. Trin. Eine. S. 111).

116 1116 111111116661611161· 71611166 61111 Ennius qu 61, 661, 116161666666 11611
Ι6111661166 1116 616 66111116611611 111611161 Ennius, Lucretius 1166 666616, 66
16131 661666, 11666 616 1161166661611161 Plautus 666 Ennius auch 1666, 166,
166, 6666, 666, 66611166661111166166611111661166 Dichter Ennius, Lu·
11611116 111111 Vergilius 6666, 666, 666. 1166 66 616 76166111611663 666 666-

1661611666 761616 1611 6661 66166166661176161 666 folgenden 1761166 16 661 .

1666616616 666 11666663 (161361166661611161116361 1161, 66 1111166 1666 1116-
Ι661116 76166111611663 661 sich 116 161661 661 161616116116611 176111616166 116-
111111611666 761616, 616 ja 1161 66361 1611 61666661 16111616166116166 als
jvne durch 616 17611611116 36116116166 761616, 66 6611 11611611611666 81611611
661· 116166661611161111161611 66 6666111666, wo 6161113661116611611616 616-
11161116 11116166 1111 1116 1116161111136 1666616616 666 11666663 6311661166.
1111 1616 1166111611 61666 1761166 1611661 616 1611611661361 6166
311116 111666661761613611611, 66111661166 16 616616 16161616611611
176116 611611 616111616 66161661 Ε66611116, 616 616 (16666661111
161, 71616 116666 1666, 66 1666 unmoglich 66611 6611111 166
1611616, 366111161161616, *666 *1166 3666166166 6616; 66666111
1166 1166111616616 u dieser 7761161 111161) 611611 16 661 81616666 6111 .
1611616116136176161, 666 6616611613666676161 1663, 6611616
61111 666 6111366 1661166166 7761666666 his 161 11111616611131611
36111111 661611 616 3166111663 666 1166616666 661 1611661668111166.
oben ΙΙ, 461 fi).

[11611166311611 166366, 1661661661666 116166 1611 folgenden]
6611661366 761611616611111166 in:

 

