1016010379. 703.

1011010101703. ’

folus 1001111. 100.

fomes ll, 211.

fons 158801. ll, 177.

10101 11, 654.

forboa 102. 164.

1010111 101. 140. 476. 11,
10101010 101. 140. 470. 11,

306.
1011100111 100. 158.
Fordicidia 100.

. fordeus 102. 145.

1010 ll, 81.

Forentum 102. 140. 428.
476. 485.

10101140.

1011010001 11, 860.

forma 148. 476.

Formiae 102. 148. 428. 476.

formidare 148. 476. 11, 303.

formido 148. 470, 11, 303,

formidulosus 11, 145. 146.

formucapes 150. ll, 231.
308. 425.

formula 148176.

10111101 150.

Fornacalia 11, 151. 166.

fornax 14511, 165.

fornix 148. 476.

fornas 145. 11, 165.

sors 145. 11, eoi.

Fors 434.

forsan 11, 850.

10111111, 850.

1011110011850.

1011011011 ll, 850.

10110110 11, 850.

fortassean 11. 850.

fortassis ll, 850.

1011111101. 140. 476. 11, 306.

“ fortuitus 145. 11, 1025.

fortuna 145. 57458011,

Fortuna 434. 135. ΙΙ, 104.

1101011140.

1010101 140. 476.

forum 140. 476.

Forum 140.

forus 140176.

festia 100.

101111100. 150.

Fostlus ΙΙ, 507. ι

fovere 87. 141. 705. 11, 211.

fracere 146.

110001140.

1100010010 146.

fracidus 146.

frugescere 146.

11031111 307.

fragor 307.

11030101307.

fragrare 150. 300.

. fundere 158.

.-1061-

Fornacalia 11, 166.
Furnius ll, 166.
furnus 145. 11, 165.
11001 150. 11, 305. 10101801. 11, 168.
1100101658. · 1011010543.

fregi 307. 561. 568. 563. 1111101145.

564. 565. ΙΙ, 578. Fusius 2311.

frendere 150. 101111 11, 108.
frenum 148. 476. 10101 161.
frequens 70. 146. futare 159.
fretum 148. 470. 1011111 158.
110101476. ’ futire 158.
fretus 148. 476.
111010 150. 517. 801.
111000 159. 517. ΙΙ, 306.
fricare 150. 517. 800. 11,
11101001 150. 517. 801. 11,

306.

111 010 145. 505.

1115110 150. 517. 802.
frivola 517,

frivolus 150. 517. 802.
fructus 11.

trude 660.

110311 41. 87.
1013100110.
11014187.

1101100111, 185,

frunisci 421. If, Ι184. 732.
frunitus 11, 281. 732.
frustra 150.

11011010 151.

frutex 11,·206.

Frutinal 11, 806.

frutis Il, 206.

fuam 143. 163. 363. 11,
1030 145. 368.

103010 145. 368.

fui 101. 141. an. 11001.
fulcire 11011011, 100.

306.

101010111476. Ι 1, 150.
101301014611, 154. ¹ -
fulgor 146. 11, 151.
fulgur 11, 151.
101100014611, 151. 160.
Fulvius 11, 160.
1011101150. 11, 160.
fumus 150. 373. 540.
funda 161. 802.

fragum 150. 300.
11003010 307.
110101 116.

10111 158.
1010010 143. 103. 363.

Gaius 70. 305. 436.
galbanus 510, 521.
galbeus 510. 521.
galbineus 510. 501.
galbinus 510. 521.
3011011510. 521.
30150101513. 521.
311111 111. sio. 011.
gallina 606. fl, 300.
3011011410.
3011110430.
30110101 430.
gaudere 11, 517.
30001436.
Gencta 430.
genetrix ΙΙ, 007. “·
1100111101 11, 007.
genitivus 11, 007.
genitor 436.
genitrix 436.
3011101436. .
30111436.
30001136.
genus 436.
germanus 700.
31011010 11, 018.
gissus 1211. 431, 510. 5211.
521.
glaber 1211. 161.
glamac 806.
gleba-155.
glis 384.
gliscere 800.
3100111010 11, 27.
glocire ΙΙ, 27.
glomus 700. ll, 515.
gloria rs. 100. 11, 011.
3101115·ὶο
glabero 100. 161. 547.
310010 384.
3101110 643. 547. 700.
3101384.
gluten 384.

fundus 145.

fungus 161. ll, 180.
funis 11, 1018.

funus 150. 305. 510. 550.
fur 548.

101011 548.

grutae n, 11, ss.
111100110476. ff, 162. 306. glutus 381.

Furculae 149. 476. 11, 162. 'uaivod 70. 82. 316. 358.
1111010145. 801. 11, 168. 436. 675.

101101 150. 517. 808. ll, 3110113010 aare. 437. 11,
111111 tlt 801. 11, 101. 31181111 aa 111.
10111110ιά01 ll, 181. 3001111342. 437.

 

