-864

101000011000 aus (1010 201101101 des Sulla, Pompeius, Cicero
und Caesar erscheinen 1111011301 0110001110000 1011 folgenden 00000101·-

1000 100000003000111101100; so:

111:

1110111110, 1. 11051.0. 205,1,”1.
2, 3. 26. 54 (49 0. Chr.)

1000, 0. 0. 1, 42. 47. 2, 58.

100001, 0. 0. 2, 21.

1000, 0. 0. 1, 21. 32.

10001010, 0. 0. 2, 26. 5356.

1010000. 1,10. 10. 16.

1011110, 00. 2, 4. 7. 11. 31. “

36. 43.
10111110, 0. 0. l, 25.
1000101001, 0. 0. 2, 46.
- inquo, 0. 0. 2, 58.

” 1011111010, 1. 1u1.0.206,18 (45

0. Chr.)
1010501010, 0. 0. 15.
1010110100, a. 0. 14. 39. 143.
155.
1001110, a. 0. 18.

1011101100, 0. 0. 24.

’ 10011101, a. 0. 25.

1000. 0. 0. 118. 121130. 131.
160. 109.

011,οε
0000101010, 1. Corn. C. 202, 29
(8100111.)
0000, 1. Bubr. C. 205, 1, 7. 2,
01100, l. 101. 11206, 161.
ad:
01100111,1.1οΙ.0. 0. 8.
01100111,0. 0. 150.
00000, 0. 0.
ex:
0110110010, Sc. 0. Asel. 203,
8178 001111. 1. 11001. 0. 0.
1, 8. 10-11.
0111001410, 1. Iul. 0. O. 2, 22.
de:

1000, 0. 0. 55.

11011, a. 0. 21.

101010, 0. 0. 56.

10001010, 0. 0. 108.

100011, 0. 0. 30.

inquibus, 0. 0. 156.

10100311011100, 0. 0. 39.

101011110100, 0. 0. 39.

101000, 0. 0. 53. 18. 138.

101000101ρί0, 0. 0. 94. 98. 124.
126. 135. 136. 158.

1000010101010, 0. 0. 83. 157.

1000001101, 0. 0. 87.

1111031000, 0. 0. 100.

1000011010, οἶ“0. 101.

1000001001, 0. 0. 106. 128131.

1000001100001, 0. 0. 106.

1011110, 0. 0. 113.

10110110, 0. 0. 118.

1010103100, 0. 0. 118.

10110010, 0. 1056. 1059.

10031001, 0. 1059. 1185.

0111010, 0. 0. 148. 154.
0100110, 0. 1306, 5.
090110, 0. 1254.
01100, 0. 1019.

011000, 0.,0. 160. 162.
00000. C. 603, 11 (58 v. Chr.)
0110110010, 0. 1412.

01030, 0. O. 49.
01010, 0. 0. 96.
aquo, 0. 0. 131.

(1000011010, 1. 101. 0. 0. 44. (100110, 0. 1275. 1463.

(1010011110, 0. 1065.

desim. 0. 605.

 

