-· 2117 —-

55511515151511155 1511555155115 51511 ὁ zu ὅ 55115111 5116 55 C· 511115-ι
551155511115651515155155111115111151151
que, J. N. 1665. 1111555,

wie 651· 755515155511555,1 65115551111111511111 111. 11511115 13151555 7515115
1111515 coiux, 5551 que vixit 515. (Gr-ut. 779, 9). 1155151515 5511 611115
6556111155 151111155115115 55511 Christus 655 555151115565 51 111
6511511555155115 515111 515111 5511511 556 5555155155 115165,
11151155 5551555565 6151555555 655 [1555515155 111 wie 55 556515 551-5
511515515565616511115115551551155 Ι, 275. 276), 55 511511511 qne. und so
5515155655 1115 851115111551555 5551 quem (l. N. 1372. 6605. 6940.
6551. 1061, 9), 155 quem (61111325, 7. 757, 1. l. N. 6420), 556 15·
11551 1111 51 55511 5 3555111151155 11111115 (s. 5155151165 555 quen 16551.
762, 111. 551. 65115511. Gloss. Ital. p. 899), 65 quen (BuN. 6. 55511.
Christ. Nom. 1868, p. 27) 551155 51115 qum (1111 51151 quo, 5. 0.) 1151

553551511555 ’11511515511551 que, 1151)5655115511551511511 51551515551151155 .

6165611555 5153515551115115, 11516 65511 55511 151615 1515111155 611-
1511115115 qua gebraucht 111 651· 7511656555 55111 que (Ι. N. 4951)
1515515555,5565551165111151511151555 111 51151511 111511551511155 615 ἡ
85155111551555 5515 quem (Boiss. 1. 15511. 71, 42), 555 quem (l. N. ¹
4796), 555 quon (Grut. 527, 4). 115 1155 5511 13565 655 dritten 15111-
115565115 555 55511 51511 655 6555551115 quem gesproclwn 115165 556 15
6515511155 7511 55511 11115555 111 15651 6565515113, 55 51551151111 655511-
35515515115 5115551155 15 651 55511515151551155 751115·
55155115 15 655 Bedeutungen 11555556, qus), 555, quem,
quae gebraucht; 55 5515115155 551155 111511551 615551115. 51111511155115
115115 515551515111115111355 11515551551155 61111116 Franz. que, 1151. 5115.
1115 611551155511115365555515515565551 155 0515515155 5115, welche die
511151515155115 85155115 15 6511 65151551111511555 5115, 1115, ipse, 1515 ,
1155115555 1151, 151115 61555651551155 551 5115 0-5155555 555356511511151- ,
655, 55556515 651511 6111511 655 555155155655 5 55615 551155 15 651 55111-
1515151551155 75111555155115 1115 05555556553511 655 Singularis 5111 6555511515
1155 (1551111 31515111551556 156555551515511 556 615 05111551155 651·
0-55515155115551511155551 (s. oben Ι, 276. 551. Vers. 65116565.
S. 490) und 15555 51551155 5 655 11515551551155 151 6555 155151 ganz
geschwunden (6155, Gram. 6. Roman. Spr. 11, 41[. 71).

1155116551 551155 115 6111515151551155 51151511155655 -51 651 6111-
155151555015151156551511551551115115511 855511555655551,
1111511 1511 6511156553 -551”65155111511 115 6551551 5516 511113. 156551
615555 ὅ 51511 6555 zu dem 1111655 11551551 6511151115115 1555555155
Laut, zu 5555555551115, 5515155655 1116155111),Ι 1555 551 51555535-

1155655 11511555 655 Perfectum wie:
dede-re 5115 6565-1551551155656-151, 656-15,

555555-15 551155 5515151551,
probam-re [11511515-1551

 

