..1113

hung 1113 1111133 33111333311113111311 1133313, 131333 33113111 313133 11313333·
1111111111 1131331313 1113 311311 11311 31111313 1131113313311111. 1015. Tria. 612.
11111288. 11113311. 950. 952. Pseud. 924. 954). 113111 111331 sich 313111
1111131133, 11331 111 1131 11113111133331133 1131113111 1111111113 1113 31313 811113 1131
1111111113 11111 1113, 113 313. 11311 331333333 131, 3313133131333313111311313·
3311111133 313111. 1311313113 11111113 13131 sich 111333 11333333 33311 313131
313311111333 111111113311111333133333333111113131113113133131-
1111311311311111 113113 11111311 1133 11331111111311 1133 8111333 113113133-
111111311 1131111111. So 3113131 1133111133 1311333 11331111333113311333·

111311 quis und nach den 1113333111113131133, 11111, 111, 1131111111.
111111 131313131131

1111111. 111111. 1131. 1481 Quid illuc 3311“
1133111. 4531 0313 11113 3311
111311. 11111 031111133313133111131
Mil. 1611 011111 11113113131111113113 ..
Mil. 9131 03111 11111 1331313113 111113111111111
111111. 11591 011111 1113333333111333311311
111111. 848: 01113 111113 311113 11113. 31111311
0 11111111. 11541 011111 111331. 11111. 111 3113311131
(evm. 111111. 1112. Ι1111112110. Mil. 1041. Asin. 2111. 11111031. Prin.
9911 11. 11.).
rerem. 11111. 1, 5, 21 011111 1113113311
And. V, 2, 121 .. Quid illum 33113331
111113111, 1, 411 ..011111 111311331131
1111111111, 3, 161 1111111 11131331331
1311111, 4, 251 0111131113 1111113311

(131.31111.111.1,21. 111, l, 29. 1133111.11,3,11. Adelph. Ι,2, 4.
11, 11, 111), And. V, ⁶2, 2. 1, 5, 1. Eun. V, 1, 11, Adelph. ΙΙΙ, 3, 84).

1111111. 111111. 4911 Set 11111 1113 133333311111311331
Asin. 196: 11111 11113111113111111111111
,1113115491 .. 13 1113133331 tu ..
811311. 5521 1111 1113 quasi 333 ..
Cure. 59: 111111111111111113 3333331
rerem. 113. 111, 11, 1: 1111 11111131
11111. 1, 11, 21 Ν1113 1113 3313111311

11113311 11111113 1131111 31311 1113 31313 silbe 1131 13111133 133 1113 11311
31111333311113111 113131111131113 31131 demonstrativum 1133313113, 1131
111111111131113311111111111131 113113 11331, 31131 nach 1111311113331111 Parti·
113111, 1113 11113 1111111313311113 111311 331011 11311 1311 11311311. So nach
3311,1113,311111,111,11111,111,1113113,11331,1111,13111.

113111. 173311. 1521 1133 11113 captivis ..
1111111911 Ego 1111 dicam ..

111111. 9011 1133 1111113 3311, 3311133 3333 331 ..
0311311311, 311111313311. 131. Π. 11. Aust. 00

 

