-700-.

113313831331313331311133 331133 1333313 1331133113133133 Zeit:
83311313, 33311313, 3331313, 13111313. 0333 1333131118131,13113
131313 3311833133 113138, 1333 113 133 13 91331331331331311133 333 1331-
311118 8331333333 8331113 (313135. 190. 194. Cupi. 106. 948. Pers.
285 3. 3.), 133 Ambrosianus 3131331 113 33113 113311313313 13313 833-
113138333131131(Ρ333. 11, 2, 46. Gep. 331), 331 313333 113 133 13
133 11331331331331311133 31313 3133311118 8333333333 ingratiis (Amph.
164. 371. Mil. 449. 748. Cas. 11, 2, 22. 11, 5, 7. Cure. 1, 1, 6. Men.
1054 u. 3.) 113 33113 113311313313 13313 1383311313 (1113135791).
013333311331331333 3113333331 33133 3111311333 3331313, 331313131313,
31331313, 33111131313, 31313 u. 3., 1133331131331313313313311333-
31333311 333 8111313133 331 -13, -13 333331113331131 831333311131
3131 (3. 31331, 760. 763. 764). 11333 11383833 1333113 Lucretius in·
gratis 333331 331 mass (111, 1067. V, 44. 71, 216. 1133133331333333331.
3. 12) 1311383310131, (la 3313313113313313 133311311131131333133 wie
333133333313, 3333113 3333313313313. 013 313331131131131331338, 113
833113 331 13833113 33131133131133, 1313313313 113 7333313313338 ihrer
8313113333 ·is 3331 1331Μ331331331133311333313 magis, nimis,
33113 3. 3. (3. 313311, 42. 215. 299, Anni. s.); 13133 3333133 jone
Formeu 13 13311333133133 83131113333313 831333311131.

13 133 1131331133 133 1383313133133’Ζ311 333313131 (133
0338138. 333 staminea aui -13, 33 weit 113331133 11313131 333-
113833, 31313 331·183111131; 33 in:

3333331, 1. Tur. Momms. Zwer' Claudi, Or. 649. 650, 2. 3. 680.

8333133. 1, 30 (8-2 v. 013.) 131131, 1. Murd. Or. 4860.

patrimoni, 3. 0. 11, 36. 33381331, 3133113333. 11133333.
1111, Cen. Pis. Or. 642 (2 3. Cirr.) r. 3. d. 333. 111, 10.
13333313. 0. 643 (4 3. Chr.) coronari, 3. 0. 17, 26.

Gai, 3. 0.*) 333311, a. 0. 17, 43.
mmm& Mmmustfflu
Pompei, ed. Venasr. Or. 6428. 1311, α. 0. lv, 2. 24. 71, 32.
Plaetori, Or. H. 5368. 13133313. 0. 11, 37. 38.
1311, 03. H. 5379. 5380. Or.

596. 601. 631. 652. 660, 1. 3.

4. 6613.

(331. 133333. Herm. 1, 4621.) 11311 zu heinerkun ist, 1333 33133 13
113333113133133 noch 13 133 1113333 313 3183311131331133311333 331-13 ’
113 033111313333 -133133131, Nigidius Figulus lissi 1311313331331113-
33338 mii diesen [13133133 333 03311131333333 33311833331333

men 333 -313 3313133133 331 (3. 3133 ΙΙ, 680, Α33.). 11381113 (133311, 162. utu.
com.) 131 1133133133 (Lucium. Lucr. 3333 p. 279), 113 11331331311133 geben 1138111131.

⁸) 1113 Formen 031, (1313, Grai, 731, 7313, Luccei, plebei, Boi
(113333, 0.⁴1, 98) 83111333 3183311131 nieht 1133133, du in ihueu der 13311333
33131313 1131131331) 333 i 83331333133 131 (3. oben 1, 1108).

 

