—913-

(s. 3133 1,(154. 561. 564 s.)‚ 313 13 133 333331331131 33133113133133
13333 *11-1133311, 333 (133 1133313313133133131.

1331 33331133333 sich aus dem 13331313 133 11311331331113131313 3331
durch 1313133313113333113333113 1333333 3331331333, 113 durch die 13·
331333, 1333 1133 1311331333333 31331 1331331133 331133 31331-
1313133 81113 131133, 113 313133311331313 1131113333 113133 (3313111.
13313. Sprd. 1, 144). 1133 11333Ι 331333 1133 333 dem 831313 1131133,
3311 313 33313331313113113311 mit 3313333313313313131313313311331133-
3333 3313331333 313113 113133133333313333.

An einer anderen 813113 13133313331131313331311 331131331-
311311113331133133Ν3ω3331333ι33 13313313313 3311131 worden,
(1333 13 133 8333313 133 1113331333 113 1331 1313133 11331311-
133 31311331113113313 3333333133 3313 3313333, 133313 133331133

(133 1331133 3331 131 13311333 133 3331313133 81113 331133
(131111313133, 331 1333 33 auch 331 (133 313311313133 81113 331333
11313 131331333313 (Vers. Krit. Beitr. S. 582 s.). 113 13133333 313
333331313333331311113133 1133313 113 13131 noch 3131133113131131, (1333 (113
11333113313 8333313313 13331113331131 1331131133133 Sprachsippe 131, so
331133 jene 11333113313313333331333333 hier in 1331333 113133 3131133313-
3311131 133333333333 333133 1133 133 133313 (133 333113333133 11313333·
31333.

1133131313 11311 (133 3333131333133 1131333331333 131 3133 3333133,
1333 13 1313 03131331·831311133133 331 13 1313 1133131331-
131313133133 133133 der 1131133133 83333131333 133 11331133
3133111331331131313 81113 133 11133133 13333313133 1333313
313133111131313133133,

831311333313113333 1113131133 3313133111131313133133133
11331133 333331331131 31311 33133133 durch 113 3333333313
13313333 133 13311313133 811133, 3131133133133 durch 113
13313333 133 3331313133 81113.

11333 3133 1333 [1313133133 331 031133133 113311333333, 13333
11331133 333331331131 331133 31331313133 81113 3133331 133131111313133
131 13311333 133 3331313133 31331, 33 113113 11331311 133131313313
(1333133 11311331333 811133 331333, 13331 133 31333111133113311333333
(1331311113, 13313111133 3331311113 werden, so 33131111333331331
31331133133333333313331333313313311333331311313·
1313133133 3311131313333,133Η331133131131333333133
(1331 1313133 811133 33133333 331 33 11313311333133333-
1313133 81113 33113133. Es 333 113 113311133Η33113333,
(1131313333331113133 113313133133 331 0313133133 1333333 313 13 (133
131313133133 331 113 11311331333 811133 (13131313 3311333113-
1313333133333333 333 133331133 113 3333333113 13313333 133

1133133133313131313.
(1333333, 111». 133333. u. vok. 11, 1. 11311. 58

 

