,-668-

1111111 (111 11111111111111111 111111111111 111 dem 111111111111
81111111111111111111111 1111111111111 111111 1111111111111 Ρ11111111-
111111 11111· 611111111111111 111111111, 1111 (11111 1111111111111
11111111 1111111111111111111 1118111111111111111 111 11111111, wie Un-
111111111111 und 8111111111 (111 8111111111 11 111111011111111111111 ist.

11111111 111111111111111111111111111 11111111111111 kur·
zer Laute 111 111111 [11111111 111 111 11111111 11111111111111
1111111 1111111111. Der 1111111111 1111111 11111 1111 1111111
Lente meist (111111111111111111111 1111111111 und 111111111111111
1111111111111111ς 111111111111118111111,1111111111111111111111111
11111(1111111111111ῠ111111, 111 111 1111111111 jener 1111111111-
(1111111 111111111111 Laute, die in der Messung des verses 11111-
11111111 werden. 11111 (1111111111111 11111111 111111 1111111111111111
81111111 11111 1111111111 811111 wie 11111 111111111111111111111111·
11111111 und Versmessung. 1111 111111111 11111111 11111111 1111111111
(111 111111111111111 111111111111811111, 1111111111 (111 11111111111 End-
11111111111111111111111111111111111111111111111111111. 11
diesen Endsilben 1111111111 (111111 11111111 (1111111111111111 111111.

1111111111111 oder 11111111 111 111111 111 111111 11111
1111111111 1111 (111 1111111111111111111111111111111. 11 1111111111 1111-
1111111111 11111111 11111111111111111111111111111111111111111111 111,
1111111111111 1111 11111 1111111111, 1111 1111111 11111111111111 11111111,
11111111111111111111111111111111111111111111111111111111111·
11111111 111 1111111111111 111111, 1111111111 111 1111111111 11
1111111111 111 11111111111111111, 111111111111111111111 111111111111 11111
111 11111111 111 11111111111 11111111 111111111 111111111111 111111.
11111111111111111111 1111111111111111 111111111111111-
111 11111 11111111 Laut der 1111111111 11 11111111 1111 111
111111111111111 111111111111 111111 111111 111 81111, 111 111
111111, lang, noch die 81111 111 1111111111111 111111111111
11111. 1111 81111111 1110111111111 111 111 1118111111111
111111111111111111111111111111111111111111111111111111111
11111111111 811111, 11111111 111 111111 111 111111111 1111111 1111111111
Lange 11111111111111111111111 1111111.

11111 (111 81111 111 1111111 111 11111 (111111111111111111
111 1111111111 111 111111111111 1111111111111 111 81111 111111111111111
11111111111 1111111 1111111111 1111, 111111111111 1111111
11111111 1111111111111 1111111111 werden, daher die 111111111811111
11111111 111111. 111111111111111 111111 11111111111 111111111111, ’
1111 11111111 111 1111111111( 111 8111111 11111, ,111 111 11111 1111-
1111111111 1111111 1111111111 1111111111111, 111181111111111,1111
1111111 1111111 11111 1111111 11111111111111. [11111111111 111111111111
11111111111111111111111111111111111111111111111111111111·

Ὑ1111111111, die in 111111111111111 (1111111111 werden.

 

