IV. 13113133333331 1333133.

Dutch die [131333331333 13133113 [3131313313 13133333 131113
1133311333 33333333, 333 133 333 (1313131313333 zu 33131333 131, uun
(113 33 3131 13 (1333331133331331313313 1331311, 13313311113133133
1313131331331131333333333 1313131331331333133, 3133, was
133133333311133 sache 131, 133 13311113133 1331133113333133
1313131331331133133333133313133313313131313313313333.

13133131331133133131313331 13333311 333331113331131

133131331313313313333133 Silben, in 133 1133133133133
13133131331133113333. 11331313 also zu 33133333133 3313, 31 113
[3131313313 133313331 diesem 3133 jenem 13131, 3133 31 313 3133 vermit-
131313 81311333 33133133 beiden 3133133331. ,
’ (1133 13 33 unmoglich jemandem 313131133 1333 zu 1313333133,
(1333131331313131331331333133311331133113333333111333·
1131 1333331331 genesen, die 13313333 333 31311 13 1131333131
3313333333 331, so 113111131131131 113 Frage zu 33133131133 (11313, 31
131333311331131331333331131313311333313333333131313 im
631331133133,313331331331331331333333311331331133133
1113133 333 Β31331333 genesen 131 113113 (1331311333 133 3111313131·
33133133333.

Die 11313333313331133 1131333333333 133 Terentius 111313 R. Bent-
1 ey 331 113 13133, (1333 113131313133133113331133 33 3331313133 111133,
33331133 11333 33131131 333, 113 1333131333 331 113131313113113-
3133 Sillae zu 13333. 133131331313 13 111133313311 33 131333333111331
’11331133 1331133133(83131133333131131313 Terentianis, 3. 191. 13 133
dritten Di podie des jannbisehen Senars (11313, 33 313131 33, 113 1333·
1313333, 313333133 333 einzelnen 13331 133331333 11313133333311131·
113133 1333311333, 31311 331 113 131313 1131133133 1133131113
131133, 3331333 313 331333 3311 dem 11331133 13311331333333133333131133;
in 133 333133 3311313133 11133113 11333333 33333133 3131113 Dichter
wohl 3133131331 3333311333 1111133 1333 1333333313, 113 1333131333
33313311131131133133 13131113 1331133133 33 13333, weil 313
313311333 13311311 113133331131331133133 11331133 331 13331133 333

 

