’-111-

111101 der 101110 1111110110 1111111 101 10111111010101111 11011
11111101 wie. 111 00 11010 10101101101111011 11 101 110110111111111011
cles 1010111111 1111101101. 110 111 Lause 10110111111101 mehr 101111
1101110. mit 1111110111 10111101 1111011111 101 8110011111001110 den
1111110101 1110111011 101100101010111111111 1101011101010101101. 110 auch
1011 1101101111οη 101111 1101011101100110111101181110 als 11101011001 weg·

fallen 110101001οη 11, 434).*) '

*) Schuchardt 110111, moine 1101011111110111010101 (111111 101 101101010-
.11111 111110101111001101 zu widerlegen durch 110 1010111111, a. 0. 11, 3⁹8: „viel-
1111111 1101101 0101 110 1111111011 101 81111010 01101 17011011 1001 101 11111111-
1011 101100 101101111111111111010- 1111110111111101111101. Datum 11111
a und 0 nur 1011011, 1111111101 01111, 011 1111110101 1 110110101101“. 1100 11111111
1010111101110111001111011011110110010111101101011011010011111·
den 011 110110 0101111, 0011 nach 11011. 110101 10111101010 1011018011111011101
11011111 gar 11011 zur (1011111 10111101, 110110 Το1111110 111 Το111111110 101 Vo-
kals 1011 1011011101 11011 gegeben, keine Kiirze 111 8011111010 0110111011οο 1011
sein 1011111111 0110101101110101. Die 110110 zahl 10111110, wo 01 0100101111,
1011101 1111011111 111010 (11011 10110001 0011. 11101 101 0100111111 01 1110101101.
Βο1 1011111 111 0111111110 101101 1 01001011111011111111111111101101 110110
101011110101 Wortformen, 110 mit 101 80111101 -1110, -100, -100, -110,-110,
-111, -111, -at, -111, -11,-111, -1110, -1110, -110, 11ιο 101111111010111.
1111 doch 111 110101 101110 a} 11010 10110111010111111101111011101111011 11001111
01110101101, 0101 1011 11011, 110111 01 1101101111 111. 11011111 110101 10111110
und 81111110 001101 1101100. 1111 110101 11011111 01 1011, 1011 1 1111110-
111110 1701101 11 811111011011 wie 01011 1001101101011111, 1110110 1011111111·
heit 111 1011111010 001101100101. Dio Η1111111011111110 1111111110 10110,
110 1111111111 111 11011011 1 111 1011110110 [1100011. 1010 10110011011
Sch. mit 110101, 111 1011111 11011 zu 101 0111111 Behauptung, 1001 101110 81111110
01180111010101 10111110111 111111 1111 ihre 1111011111 0101 111 8011111101
1111111101011111111000001101111011. 11011101 1101111011 11011 110101 1111110101·
1111011011 1011011101, 11111 1110101 1101111010 11111. 110 11111101 auch 1101101010
11010010101011011,11011 01 11011 11010 gabe. Deshalb 110111 1101 0101 10011
1110111 10101, 1000110 Η11111111011 111011011011110110 10161111 111101 11111101
81111011 001. 11101 110 Βο111111111 sehse, je 01101 und 1011111101 110 7011111-
1111 von vokalen mit 101001101111 11010111, 10110 1111001 10111011011101011·
11011011 1001010110111111101 (α. 0. 11, 4361), 110111 111 11 011101 0110101110111
110 1101000110 101 Η1111111011 1001011011111011 101111011011010 101101 1011111-
wandten (1011101011ου 011 1111111 11101 8011111011 101. nie 0011101001 1,
welche 101 1701101 1 11011 0110101 17011010 vor 1101 1011111110, 11011 1001 110111
1111101011 110 011101011010111011111111111 10111 10101, 111 1011011 vor 010101
10111011010101101110110100 1101101. Dio Vokale 1, 1, 1 0111 111111 10101
1111101101110 (101101111011 10110110110011,111110 1111 01 110011 8101111 11101-
111110010101110101111101,0101110111110110101010111111011011·
1011011101001101111101,1011011110101110011101010101010101111-
11111011 (11111101. 1100110111 (10101101 11011 101 1100111111111010111111110110-
11111111801131, jedes i 1010 1101111010111101011 01 1 011000101011, 010 01
0011101, 111 1 11 10110111 001 10100110 010 11111100101801110 (a. 00101, 011
11011 1111101101011. Ich 11110 0101 11 110001 1101011111 801131 101101 (11111 111-
101 111101, 110110 00101 1111101 1011111010110101101 111011.

 

