..106-

1411111 die Conjnnetion e0n1-, 44111· 441 1141134144 4411 1144144 1111111131
1114 Form:

444, Ι. Ν. 1020. 1064. 1651. 3487. 4796. 6860. 11411444. Ι. Chr.
11. R. Ι, 383 (390 n. 0111.) a. 0. 873 (481 n. 0111.) a. 0.
1099 (414-5151. 0111.)

84114441· 444111414141 141 44; 44 in:
1114-4ο, 11. 11444. a. 0. i, 17 (291 n. 0111). 44, 1111111141. 2098, 4.
04141 1141 die 114114414414 81114414 1114 11411444 444, 44, 414-44,
14-44, 44-44 41141144. 01441141114141441448411411141444 44111, quom,
11444 (84114411. n. 0. il, 166) 14144344 4111 1144 4411144144 Laut¹ 1144
4441441441144 Nasnls (4. oben 1, 265. 266) 4411 dns Schwanien 1141
841141144144 11144144 4 4411 114 4441114 8141141414144144 (1. oben 1, 72).

. iiber 44414441 14 14441111144 1141 4111144144 2411 findet 4141 4441 1114

114141 1141 1144414414424114441 (1. N. 49111) und 11444144 cun (11411. I.
Alqe'r. 2074 4. 4141 1, 266). 14 1144 Poimen dieser Ρ1411441111111 141

’ 4144 14 411411 241144 1141 141414144144 81114414 41144 ὅ 41141144 34-

11141144 4411 14114441 1411 im 14411344 1141144144144, 1111114411 4411114111
241141141114481114414411143444411111411114414144141414341-
144114 141111 11141 84111114114414 3411.

111141141 1414141441144 041414441443413141114141 4144, 11444 1144 444-
1441411114611410-41414414 4411 11412411 (14414411441411144144
1141111448111441114111143441141114411411416411111414444111141
114111114141114111141141141114341141114111441411 1414411114141
in 1141 8411111 1141 11114141 4411 (141814414411441144 1434114413 1141411144
84111111414144 11 11414141441111111, 11444 41141 1141 41141441611444·
ben keinesnegs in (141141414144144 Spnnnhe 3441 14144141144 41141 aus·
344141144141. 1111141111 34114111 14 1144 141411141411144 1411141111-
14414111411114114141444141114414111144,411111414144,11141114·
11114441141114144, 114144 6411141141 11 1141 51114414 4141 4441111414
1144 241141141 1141 Antonine, 4144 1114 141 111114 1144 11141144 141114414114
4441 Christus 1411411144 14441. 1144· 4114 61414141 114141 4114 Zei-
ten 1141 8411111141114414 41141144 14 114141144114481113. Neuin.
1144, 14 141, 1411114111, 1411444 und in 1141 Ρ111144111444414·;’ 44
1141114441 4113411141434411144144 4411 34441114144 14114141-
1414112411114414344144 4441 1411413414411441 4 44111, 4411
11444 44 4441 im 1144114 11416411114144 spinter 4141 141411143411141
11141114141114111411144141 141, 44 141 114411 1114 1144114134 44, vo
141 741141444114 14 41144 241144 41141144 341114144 4411 14
114411, quoniam, 1144411441, quoque, 11441, quotiens 44411411
1141 84111114114414 41414 34141111411144. Wenn 4144 1144 ὅ 14
04444141144144 0414411444 4441 4144 11444 1441441144 4 oder v
1411413411,141141141414144144141144114414113411444 414414141
1111 2411 1144 61414141114344, 1111141 741144114414 campaninus 141
24111144 14344144 114 Titus, wenn sich 44144 Spur 114141 1114 ganne

 

