1
-10097‘3

99111111 Π, 17. 1911111199 ΙΙ, 888. 606. 907. 1111119119 662. 671. Π, 623.
91 184. ΙΙ, 727. 1911111199 714. Π, 17. 910. 1023.

91111 ΙΙ, 64. 1021. 1911999919 ΙΙ, 123. 11111111 41. 97. 362. 669. 661.
Qfflffl. mmmmm mm

ώΙΙὩΆ oeffiosslffi. ffimmILfflAw.

-111 11, 911. tertia 909. Π, 199. ukar 991, 11, 978. 979.
919111 207. 416. Π, 128. 248. 1991111203. 606. 908.

686. 1919 IL 686. 999 203, 394. 746. IL
mfflfflAEMML fflfflffl. m
1991111 Π, 17. 301. 119111 IL 54. umen 673. IL 263.
9991111638. 746. citu 414. ΙΙ, 666. 11111119 673.
9999119119.119.11,14. toru 959. 951. up· 119.

29. ’ 1916 171. 371. 661. 671. 1199111207.

9911119 11, 377. 19191 771). 1119991919 689.
ιιι11111119Ι1Ῑ1’).377’ 3⁷& 111111 1111. 11, 999. 910. 1111115111. 11, 19.
emhmmIffiILu. 19996 ‚ 1mfflmeLM0mQ
9191191911 Π, 62. 19191 671. 1119 Π, 696,
stabim 11, 990. tras 159. uve 74911, 949.
9191111919 IL 290. 1199911 669. 660. ΙΙ, 19. 11191746. ΙΙ, 264.
9161111 ΙΙ, 128. 736. 679. 1016. 1179111 74611, 17. 243. 264.
mmmm &mmm mmmkm
91991919 ΙΙ, 76. Τ196Ι91111669. II, 78. 910.
91191119 IL 78. 910. 1191366. 790. 1999111111 IL 66.
91111 19 IL 78. 1196 203. IL 64. 19991919 199.

1 · · 1 ·
9119- 119. 11919119 IL 16. 301. 799. IL 341.
9116911111 41. 97. 207. 396. ’1199191199 669. 714. IL 78. 7911199 IL 15.

11, 430. 646. 910. 11191199 676. 682. ΙΙ, 16. 19119 IL 126.
9119091911 662. ΙΙ, 17. 24. 260. 296. 1016. 19199 ΙΙ, 378.

128.736. 11911199 676.682 IL 19. verfisse 171.1L 17
99919 130. 203. IL 636. 260. 1016. 191919 IL 126. ’
9919191119- Π, 18. tris 386. 790. 1991119 IL 17. 27.
91111119Ι1,646. 910. 111191 ΙΙ, 711. 19911199 714. IL 79. 909.
supra 190.11,535. 909, 1919 163. 199961 714.ΙΙ,78.
993863.Ή9 mm3ffi. vfflstfflILfflL
919911 698. 699, 1119191 714. 768. 1991191111, 379.

919919 698. 699. Π, 916. 1119919919 11, 15. 19911919 68. ΙΙ, 379.
mwmfflffi mm. mmm.
919911 116. Π, 916. Τ1911119 H, 718. 199119 IL 17.

· 11169191 763. 19911911, 637. 909.
'farinate 240. 1111191119 IL 263. 79911119 ΙΙ, 17.
19119 Π, 14. ΙΙ, 78. 909. 11191671. 79911119 436. 676. 680. 688.
13999 Π, 14. 301. 606. 732. tupler 714. 768. 699. ΙΙ, 194.

907. ’1111999 714. 111111 203. 640. 642.
Τ919199191771. Η, 263. Τ9191111111246. 11199111 55711, 732.
19991111 764. ΙΙ, 126. 1919199119 ΙΙ, 126. 1191199 IL 379.
19919 IL 301. 1111911919 Π, 192. 71911919 IL 379.
1919 413. Π, 260. 731. 19111- 368. 1111911, 80.
191911191414. turus 661. 11119111, 80.
19919 111, 11, 999. 595. Tuscer 799. vitlu 11, 99, 195.
1911191240. 662. 79999111 246. 1111111 ΙΙ, 78. 60. 909.
1919199.199.199.11,99. 1119 909. 171. 971. 991. 1911919 919. 590. 599. 599.
19119 Η, 15. 19. 388. 671. Vofiune 435. 676. 680. 682.
tekuries 11, 15. 11199 119. 11, 799. 999. 11, 191.
199119 11, 19. 990. 799. tute 999. voisinier 719.
mmmwwssm. mmmm

909. 791. 909. 13910 11, 799. vukumen IL 199

7919119911.

Apiolae 11511, 170. 9199111911, 19. 97. 119. 9911999.
91-11, 18. 290. 431. 9191199 ΙΙ, 13. 491. 663. 909.

 

