..255-

1-511555555 551 5 555155155 im [1515155155 wie im 151515155155,
1555151 ’ ’
55555 55155 Lat. 55515, 51555 5. 5.
(11. 11515. 8551. 1, 122. 11, 390. 5. 5155 11, 238).
155515555115155 851511155155 111515111551511555, 55151155
Nom. 8155. 115515.
55555 vom stamme 55551-
(Vers. Z. f. 55551. Spr. lx, 160 [1. ,
’ 1115 5155 55551555155555555551511555 von (155551555155 155815- -
5515515 1151155155 1-51155555 (11155 551 55555151155151, 1555155
115555515155155 11151511 15 155 11515551555 551 111551551-
51555 (155 5155155155 155551155 55 1555 5515151155 551 heque-
5555 5 1555511151515155155151155555515 55155 5515 51511

(5. 515511, 243).

155051155155,85151115515555115151551551115151155- v .

55151515 15155 1515511551155551115 5555, 155 [1515155155
5551 5555 (u) 515555151511 (s. oben 11, 249 s.).

Die der 151515155155 8555515 55515151 5555551155 1151155155
111515115 1151155 5155, 55 viel die 555 5515115555 5515115155 855551-
1551551155 155551155 55155555 155555, ‘in ihren beiden 1155515551555, 1555
0511551-851511155155 551 dem 1155151551-15151155155, (115 Nei-
gung in folgenden 111155 5511555 551 51151555 151515 zu 5
51555515151555

1) 15 5115555 15155155155 81115 555 1515551555 5;

2) 15 (155 15151115 1551155155 vor 5515551( 555155155155
(155555551555155555111511551551551551;

3) 151551515511551155551115.

11511 5151 durch 115 85555155 11511555 5511 51155 151155 115
11515555 1151555151511, 115 5511155555155 (15555555155 5 551 m
5155555155551 11515151515511515111555 5 5155551515155,
1515515155 115 115555155155 85555155 115 115111551155 115555
115115515511511555555515 5155511555 5511 115 (15155115515
8555515, 555 555515551155 855555 5515555155, 115555 5551551115155
11515555 51511551511151151, 151551515511551555555155555
55511551 zu Tage im Μ5515 155 1555155155 1551 wie 5515511155
Zeiten. 15 15515155115 55111515555 115111551155 155 11555515511-
55155 551151 551 5515111 5551 15515 155 115151(155511551551155155
8555515. 151155 1551555555 511115115515515511155555 55151
155 55555111115515 (15151115 5555 115111551155 155 1155555155155
85555155.

1.

Da 151 (1551555555515 155 151515 1 555 5155 5555 111555 55155155
11555555511555555515155551 555 5155 55151515 855115 55155155 11155-

 

