751555155111, 114.
7512 98. 468

. 15151155 98.

15151515 96.
7515155151712. ”
7515155 770.

55151151 603.

7511115 ΙΙ, 376.

7511115 ΙΙ, 376.
Ὲερσορει 731. 762. 769.
7515515111, 20. 29. 193.

a· ΙΙ, 22.

5· ΙΙ, 22

a· ΙΙ, 27.

agino 204. 396. 575. 582.
ΙΙ, 21. 49. 260.

21505 375. 533. 697. 698.

5111515115 ΙΙ, 21. 60. 52. 911.

15551551 697. ΙΙ, 117.

55151555 ΙΙ, 117.

55131155 754. ΙΙ, 274.

55551229.

annom ΙΙ, 116.

56515511. ΙΙ, 642.

1115 204.

(1515151515 790. ΙΙ,46. 117.
11515 ΙΙ, 22.

1115511155. 23.

(1115 507.

duno ΙΙ, 116.

51152111 383. 790.
5115[1] 666.

5115111 Η,117.

5515 ΙΙ, 22.

Erine 581. 582.
1111515 561.

55111511 ΙΙ, 846.
5511155 ΙΙ, 117. 846.
5555 ΙΙ, 914.

155555 102.

faedus 99.

fedus 99.

15155151 237. ΙΙ, 22. 52. 58.
253. 545. 602. 606. 908.

- 1081 -

75111 ΙΙ, 115. 179.

755115 Π, 20

755111111101712. ΙΙ, 376.

7555111515 ΙΙ, 20.

7551151 1732

7151 98. 696. 772. ΙΙ, 341.

viam 98. ΙΙ, 341. 377. 378.

5551 55. 11, 341.

7111515111, 57. 252. 602.
606. 998.
vmfflfflmm

5551111551.

hema 476. ΙΙ, 29.
111ἓ551111111 468. 11, 22119.

1515 387. 783. ΙΙ, 339. 606.

908. 914.
15755211. 771.11, 63.
15155 patres 665.
10712211. 365. 450. Π, 350.
1071119 770. ΙΙ, 722.
1071015 713.

0511545011, 22. 350. 1026.
115515 20411, 111. 455.
51151515 713.

1155151151 719. 790. 11,117.
5511511555 ΙΙ, 430. 911.
cuprum 11, 430.

1151555155 679.
1115 444. 753.
1115155 499.

Mamers 405. Π, 460.

115155551 405. 672. 697.
ΙΙ, 22. 687.

11155555 204. 432. 11, 49.

115115 ΙΙ, 25.
nipis ΙΙ, 918.

1151555115 224. ΙΙ, 22. 419.
55155 394. 771. ΙΙ, 22. 678.

’ 534. 909.
5151011,22.117.

7115115 11, 79. 80. 153.
751151155111, 110. 1022.
751555 ΙΙ, 21. 29.

51551 ΙΙ, 679.

5155151111, 79377.

51501515 713. ΙΙ, 40. 7611,
377. 379.

210010111 ΙΙ, 40. 114. 377. 379.

51551511 202. ΙΙ, 79. 116.

1151155425. 570. 771.11,
22. 30. 536. 909.

pedi 18511 29. 403. 727.

1151511790.

551520479011, 117.

pesco 11, 22. 30. 118. 283.

mmssw

' pim 115.

pit) 204. 11, 117. 342.
-15 ΙΙ, 918.
511555151713790.

Ρ5155515 ΙΙ, 22. 718. -
ru 204. ΙΙ, 117.

1551515 489. 713. 11, 79.

1557111535. 697.
1535115446. 450. 452. ΙΙ, 950.
regie) 448. 450.
1515.

5511511111, 117.

5555115 646.

551511115155 499.
5551511555 (1) ΙΙ, 250.

5-1 185. 11, 350. 727. 918.
55515 716.

7511115115 771.

15151155 511. 512. Π, 27.
6012· 371.

totai 672. 697. 698.
touta· 171. 371.
1011121672. 697. 698. ΙΙ,687.

uno 11,117.

1515111,2·2.29.290.545. 11201- 39311, 359. 534. up11,11⁷.

7155515 204.
Η51515 11, 77. 386.

511151 ΙΙ, 125.

abtum 155. 11, 555.
56151714.

211717 714.

21- 240. 11, 378. 916. 917.
21161151240.467.Π,194.

606. 908. 903.
5551569611, 255.
pacni 11, 916.

0510115511.

2111111125 ΙΙ, 430.

51115111 240. 484. ΙΙ, 430.
5111511511, 17. 29.
5111511511 206. 240. H, 54.
5175115 240.

5151511, 126.

7205112435. 575. 581. ΙΙ ,194

7555115575. 561. 68611194.

51515111 467. ΙΙ, 16.
2151515467. ΙΙ, 17. 123.
555111, 14. 605. 908.
58159 714. 766. ΙΙ, 564.

3111191114.

 

