- 510 -

131131Ζ311133Ρ3313311331131333 333 313 131 131133 133111311-
33113111311133331313131133133(131831331333311313131133113111
133331113133113 31313 1311 Tagen (1331113313333133. Die Sprache, in
133 C. Duellius Slegesbericlrt 3111 133 Columna 13311313 331 113 Grab-
3311311133 331 (133 833333 131 Scipionen 3333113131133 333133, 13 133
11331133 31111 Ennius 113 Grossthalen ihres 11311133 13131133 und Plautus

' Prulngus in 133 333113113113 113 1333113331 311131313, 11333 83333113 131313
13 ihren l‘lexlousendungrn 33311 13333 3111 13113 volare in
Wurllnrmen wie 333111, omnin, 11313111, 1331131311, omnibus,
1133111313, imperatur, 333313, 1333163, 1133311111, 1111111, po·
331111, 33131, 33331, 13111, 1311, 1133311111,13111,3311,133311·,
3333111311, 3311313, 3331331133. 113331333331133311133111, 133333
11131133 1133311313 1131113 33133, 3333311 nuch 333 13113333 111331, 13 11111·
1133333 'lunen 313 selue 3313313133 Ν3311113131333 3111 1111313 Wahlsprnnh:
panem 31 Circense& 11133 11333 jene 11311313 133 1313111133 331133
1131Ρ133133 3311133 311311 111111333113111333 uberhaupt 33133 33· ·
nissen 1131113333333 313 11113133 3331333311 werden kunnun, 3ο 33313111
sich 133333, (1333 (113 Volkssprache Ι11333113 (131113 331313 ihre
Tundnner zu 11113133. 1131111331 113 83333113 durch 13311311133113113 ⁴
113333 11313333 3313131 war, ist 11311113133311133331311313 sn 3311133311· ' ·
3313311333,1333 (113 1333131331331113111333 133 ,13333131331133
1311111331131 13 133 113331 313 11113133 1133313111. 813 11131 133 331
so 1131133, 3131133 131131133113 Vursrnass dringend 33311 1133133 1131311133
1311333113. 1113113313 uun jenen Endsllbnn 13311 unuh 33113313313333·
1311 8131133 131 Versu, 331333111311 311133 1133 133311311333 vor 131
111333, (113 3113 11311333 313 113333 11331, sn 13111311 313 dir
11133333311331113333 [11311133 1131 33 33131133 8131133, wo 1113331113
1313 01133 133131133333333 3111 1133133133 3311311331 331. lber (1333-
1333131331131113111311133 113333131331133 Ζ311 mehr 313 ihre
1313313333 nur-h 113 (131331133113 1113133 33311, 13313 1131311133 311131·
33313333 113113333333 33133 dur Verslrebung 31311 133333 Silben zn 131·-
1133133. 8313113 1311313, 111313 (13313333333113 (133 11311133 3133 311111333
,13313333 1131331133 131333 3311111113 hulten, waren 13113331333111 (131·
Τ333131131131333 Μο33 3133231133113 313111133331133, ohne (1333 313111131111311
1133313313333 nbrlg blieb, 313 (33331311 331 uem Prulrrusluslretl 133 11131311(
3313313313 vollen 113333 33333131313133 1311113133 331331311133 333-
11311. Sn 1131331333 1113 1133311113 313111113313311311313113 13111311311133
- 1331333113333311131131133 3311 11311133 je 33311(1331133311311131-
11133 1333 3133 11331 3311333111. 1311333311 331113 (13311 113 11311111 (133
113333131331133131111311113311331, 133313113131 333 1313111133, (113 -
331 31333 anderen Consonanlen 313 331 3, 3331311111311 3311, 3, 1, 31,
3 311313313133,.113311331333311 33133, 3311 13311131313113 31313113 11311333

h 1113 113311331113 33313313311311311313. 13 133 33113333 Zelt 31311
η (1131331333 [113113333331313 113 (131 11133333333131113 (133 3311111 n·

 

