..434-

Das 666166166666 666 [1661166111 Singularis 661 6111 666 861-
11166 -on, ·ion‚ -1166, -61611 6661166166 11661166161661166 (6. oben 1,
512 s. 514 s. 11, 38. 39)1166161116161166 66 66166 16116 161636 61666-
hussen. 1116 66616 866166166161616 116611616666 Messung:

66616, 1116661, 11661. 16161661. p. 166. 661. 16661. 6. 18. 0616.
1116. Lacr. 11, 652.
666 16 666 86111611 des Lucilius:
16166, 111, 3. 11661666). quaest. Lucil. 6. 15.

1161 666 1116616611 666 66666161661166 zen, Vergilius, 0616166, Horatius
u. a. zeigt sich 61666 11611666 666 6661661666666 meist 16 6661661 Pol·
116, (16616, 861616, 061116, eata, 11666, 861616, wie 661 66116666
01661666 616 6166666666 61611666 so gemessen siud, und 16 6661 11616661·
661166161166611 166 (1. 166611. de re metr. p. 336. 331 1.). 6666 66
116666 sich 11666 66611 sehon die Messungen:

66166, ovid. 6161616.Χ1, 600. Μ. 6166116, Hor. 661. 1, 4, 93.

[16166 6611 1361116111 6666 dieser zeit ist die 1111666 666 6 66666 166-

6616666666 bei Statius (0. 611111. quaest. Statian. 6. 9 s.). 116666616- ‘

gend 6661 16111 61666166 666666616 1166161 16 der Dichtungsart, die der
Sprache des 6666661161166 666666 661 66666166 61666, 16 666 861166 666
16 dem Epigramm. So 116666 sich gemessen:
616616, Mart. Ep. lv, 18, 6. 61116, 6. 0. 11111, 2.
661116, Mart. 1, 40, 2. 111, 12, 166666, 6. 0. 11111, 59.
2. 83, 2. 116666. 66166. 112, 661166, a. 0. 11, 556.
1. zum. 1v, 8. 119. 111, 46. 6111866. 6611661. ·
111, 11. 1111, 45. 111163. 131. 6661666, Pers. 1, 80. 166. X, 64.
Ι 1111, 59. 201. 111, 8. 6611116, 6. 0. 11, 613.
11666, 11611.111,18,12. ,466616 6611166616, 6. 0. 1, 133.
Ε6161. 102, 2, 103, 2. Stat. 6666116, 6. 0. 111, 183.
1666111, 219. 166111, 110. 6666616, Mart. 1111, 9. 3. 166.
111, 12. - 11111116. 111, 39.
16116, Mart. 111, 58, 8. 116166, Mart. lx, 9, 8. 166.
661166, 166. 111, 138. 11, 14.
666616, 6. 0. 11, 193. 616116, Mart. Χ,2, 10. 166111,
66616, Pers. 111, 48. 311.
66616, 166. 111, 31. 161666, Mart. 1166, 8. 111, 102, 8.
666116, 6. 0. 111, 128. 16661116, 6. O. 1, 41, 1.
66116, 6. 0. 11, 624. 1661666116, 166. 1,,19.
1666116, 6. 0.111, 114. 6666666116, 6. 0. 11, 361.
66666, 6. 0. 111, 58. 6666616116, 6. 0. 11, 653.
666116, a. 0. 11, 255. 6661666116, 6. 0. Χ, 161.

ξ..-

6616 161 (a. 0. 6. 111,), 666 1611 aus 6611 666611 61611116666116 66666616616116611
66611 611166, dub, 6616 66116161 6666666166 0166666 6661116116 fiir unbegriindet
11611611 muns.

 

