..945-

118 1111. 11111, Span. 111111, Ρ3. 11111, Ρ1ο1. 1111 (10.1. [11181111
111111131111111111 (111 11118111111111 8111111111811111111111111 118
(111 11111118111111113 111 11183111111111 11111113 11 111 31111111 11111-
1111 1111111111 11111181111 81111111, 1111118111111111
81111111. 11111111 118 1111. 113111, Span. 1131111 (Diez, α. (1.1,
1111118 1111. 1118111. 1111111111. 111111, Ρ1ο1. 111-
111 (a. 0. 14131
1111118 1111. 111131, (11111111, 811111311111.
111111, 1111111118 (1.0.)
11111881118 Ital. 11111881118111.1111181118,Ρ111.
cantassemus, 1111111131118111,
11111181118 1111.11111111,83111.111118118,Ρο11.111-
[188111111111. 1111181111
(Diez, 1. Oe ΙΙ, 135. 119. 171. 244). Man 181 hiernach 1111111131, zu
1111118811, (1188 1111 11 anderen 111111, 11111(1111111118111181111111
(111 11111111 111 111 11111118 111311 1111111111 111111181111 1111181111
11111131111111 181, dies sehon in der 8111111111181111111111811111131·
81111, 11811111 Beispiel 118 1181111111 81111 81111111111811 *118111-
1111, *1181111 und (1111111111111811 1181113111111111 181, und dass
das 8111-11111 (111 1111111113 81111111111111181111 1111111 1111 1111. 111·
pudico, Span. 1111111111 11. 1. (Diez, 1. (1.1,4111 111111 1111111, weil
die 811111111118111 1111881111111 1111811111 (111 111881811111111111111 Be·
111113 impudicus und (111111113111111111111111 111 [11111118 8111111111
wie 1111118111118111111 1111811111 11131111 und 11131111.

11188 811111 11 (111 8111111111181111 111188111111 (111 Η111111,
1111111111 11 (111 111111 (111 1111111111 111111131811113111111, 111131·
1131111111111111111111111111111181111111111111,1111111111
8111111 111111 81111118811, 111 (11181 1111111113 8111 11 (111 11111111-
8111181111111 1111111111 11131, wie 111 111 11111111ῑί111 1111 (111 11-
8111111131811111181111111 -1111, -1111, -1111, -1111, Zum Beispiel er·
31111 sich:

8111111. 11111118 118 11. 1131111111, 811111111111, Prov. 111111, 11.
11111111 (111111. 01411. 11, 298. 131.
111118, d. Rom. Spr. S. 234 fi).

Der Η111111111111 1111 1111 wieder 111 (111 1111111111
Silh'e 1111111111111. Das 1131111 8111 118111 11111111111111 11111-
111 ,11111111111 1111 Christus 31111111111111 Form:

(11118811 (81111111. a. 0. ΙΙ, 420) 1111 (1131181111.
11188 (11181 11111 11111111 (111 811111111111111 Form depostus (a. 0.
11414) 111 31111111 ist, (111111 8111111, 118881181118111188311111111111
181, dieses 1111111ρί11 111131311 immet mit 81. 111181 1111811111 (111
’ 8111111111118111111111

1111111111 (811111. (1. 0. 11, 419. 8. (1111111, 141) 1111111111111.
comm«, 11. Auum. u. 111 11. 2. 111. ¹ 60

 

