..965-

3313113311331 1131331133 folgenden Wortes. 1131331 113133 313 1331113111
1131313 1333331333 3131313133 31113331 333131111333 133111331311
3131 3333131331311113111313133 nn? 1133 113313 333311, 331 3131111311-

1113131113131113 1331313 33 1113333. 11131 331313 11131133 313 3131 313111
33111331333 13 133 11311333 133 1133133, 133333 31313131311111113111331
(131111313333311333131311131311 331 11333133133311133331 11311 13331113
13133313 13133311333 3338313131313

Consdl, 333311, 3111113 .. 1311311131113133111133 ..

1133131 (11131 defecit.. 1131311 divad Camdnae ..

Hoc 131 13311131 11133331131313 ..

1111 311131 13131133 [1313131333 1333133 313 ja den 11113133111311 331-

33113111313131333 331 113311133 1333111333, 3333313 3311131331
11111113 3111331, 313331 .. 1131131133 113313111133 ..
[1311311333131 vita .. Camenae divae 1111331..
1133 13113333131111331 [dotum ..

Es ist 1331 3331331131, 1333 11131131, 113 3331 dem Einddang 331-
331133 11331133 331 1313131333 1333331 33311311131311 331133, 13331311
33331311 111133; 33 131 313333 3331331131, 1333 313 33 3313311311 31133
1311, 3133 31131113 33333 1331131113, 3311 313313 1113313 31113133,
(13331333113311313131131133. 11313,313131331311331113313
33131311331131131, 113 Dichter 131 83131313313313133 13-
1311331 31311 133331 3311331131, 1313131333 3311331133
133 1131133111 1113111333 33 1111133311)

113311 333 131313 1111331311 331131111311311331313133333 3111
33131133 131 deutschen Verskunst 1113113133 11111313 31311
1131133113, 33131131131131133, 1333113 311331113331131131,
3311131 33 113 03311111111331 (133 131313333 31133113, 33133311131113 131311-
331133 831131 331 113 113311133133 83313331, jenen Einklang 31313111-
11313333311111133, 13 131 11131 (131 113133 33131 (133 1113333
3333333333. 13131 1311131113113133 13131113113311331313-
13331133133313133331133313111,1313131331113111113311-
331133 11331313331 111311; 3313133111331333 11131131 3111131131 131-
331 13313133, 31333133333 1113313 3331333113133, 133 11333 33
(133 1131338313131131131133, 113 313131 Ν331313133311131111331133133
131-111131 33 (1131313133 131133, 3331 3333 131311313, (133333 1131311111-
1333 3133 333 1313 1131313 3133113311311311311 331. Um ein 33
3331111111313313313333 131 11333131333331333 33 1111133, 1333 3311113 13311
13131331333131 13313313 133 1333131331113113 133 11331133 331 1313131333

3113313133 81311311133131333, 331313331333313161331 1333 ’

verbanden 331, 33 man wirklich 31331131311, eine 11313 83113113-

*11)311311331133 113333 1131313331311333 in 131 31313313333113113333
13331133 131113 Κ331113133 3333311333 131, 3ο brancho ich auf 331113 3313331333311
113111313111333111311333 (Der Saturniscde Vere, nef. 6) nieht 3133333133.

 

