501110- ΙΙ, 90. 97.
5011105011 Π,377. 376. 915.
501110- ΙΙ, 90. 97.
5011105011 ΙΙ, 378. 915.
501010 115. ΙΙ, 90. 97.
mmmmstm
-pid 115. 193. 906. ΙΙ, 915.
pidum 115.
fflmm.
pmmw
ffimwmstm
51111 115.
mmmm
fflmwmffi
laetorius ΙΙ, 718.
5001151111, 915.
5011105111 ΙΙ, 916.
ΜΜΜΜοΜ
5011011719.
ἧῧᾘῶῗψ.
591. 505. 908.
Ρο11151101 116.

. mmmmuffiw

mmmmmm
Ρο01111 116. ΙΙ, 718.
0011100111, 176.
10511111 ΙΙ, 919.
mmmmm
pmmmmmm
mmssnmm
525. 606. 908.
mmmmm
50111111 ΙΙ, 91. 41. 49. ΙΙ,
915. 376. 600601.

50011111 ΙΙ, 646. 566. 915. ·

πωτ 193. 906.
501 ΙΙ, 110.

5010101510 115. 774. 789.
ΙΙ, 41. 378. 379. 915.
501100 195. 495. ΙΙ, 21. 30.

403. 731. 739.
mmmmmm.
5010101- ΙΙ, 114.
50101015111 115. ΙΙ, 41. 379.
5010101115ίά 115. 586. ΙΙ,
41. 113. 378. 379.
5100- 697. 696. ΙΙ, 378.
5111010001 493. 697. 781. ΙΙ,
115. 499.
5151010111ἰὰ 903. 697. 781.
, 39.
5101- ΙΙ, 378.
5101111011 909. 760. ΙΙ, 116.
5101011011 195. 553. ΙΙ, 911.
5101011001 ΙΙ, 59. 911.
51011011 195. 553. 911. 919.
510110101 ΙΙ, 566. 646. 915.
pru- ΙΙ, 919.
5101115111 195. 546. ΙΙ, 499.
579. 797.
5101115011 99. 199. 165. 546.
mmm

-wffl-

510101 ΙΙ. 597. 594. 11111011 695. ΙΙ, 359. 798.
pus 115. 169. 783. ’10001 43.

01110101489. ΙΙ, 79. 1011510011 909. 11, 49. 114.
Ρο511111 ΙΙ. 919. 1011310001 478. 574. 533. ΙΙ,
Ρο511111111,919. 19. 97. 48. 114. 960.
50100101 696. 1015.

1003111011 909. Π, 49. 111
oefflffissmwpffifflffl
Rufri 151. 11, 535. 1001100661.
Rufrium 151. ΙΙ, 535. tgurtgmffl, 111.
0 - .
1001110111 49. 67. ΙΙ, 111. 10110111, 90.
80110110 147. 171. 965. 586. 10101010 ΙΙ, 19. 111. 388.

lma mmmm.
1011111101 49. 695. ΙΙ, 57. 101001οη1110 573. 580. ΙΙ,

253. 352. 403. 798. 388.

1011010111011 768. 11387. 101000011001 553. ΙΙ, 59.
mmmmmm.mmm

367. 1010000101111, 388. 566.
10101011011111, 43. 79. 111. 646. 915.

387. 909. 1010100100 573. 744. ΙΙ, 20.
0011010101 49. 937. ΙΙ, 18. 388. 910.

57. 959. 387. 606. 908. 10101011, 111.
10101011,367.388. 1110101101 774. 769. 11,
101110 ΙΙ, 387. 368. 909. 815.

80101111, 388. 605. 1101011001 ΙΙ, 111. 815.
mmmm Tmmmma
fflmffiwmmmfflmm.

179. 1110110111 ΙΙ, 113. 340. ¹
00111190 146161. 177. 383. 1111111744. ΙΙ, 943.

10000 mam
10001011 766. 789. ΙΙ, 969. 1001011909.

101 ΙΙ, 59. 566. 1001100- 371. 671. ΙΙ, 308.
8111111111οᾱ 909. 994. ΙΙ, 113. 100110001 ΙΙ, 114. 308.

378. 10010 315. 661. 671. 371.
QQMWQQWm.

811101 ΙΙ, 718. 10711110 310. 315. 371. 671.
01001 ΙΙ, 54. 114. ΙΙ, 308. 605. 908.
οἲ5ἐὲῗᾱ7ξ3ὲ ΙΙὼΙΘ. 97. 115. ὣωξῦο I3110‘303515. 671.

1 . . 1 1 , .

1Ιο’ 744. 0100101011101 ΙΙ. 388. 797.
101 0111 995. 111501010110101 ΙΙ, 59. 388.
101101 486. ΙΙ, 21. 1110010101οω ΙΙ, 19. 97.
10101001 ΙΙ, 110. 815. 1099. 112. 388.

1010111766. 111001011101 ΙΙ, 111. 113.
81001111 415. 388.

8155000111 161. 415. 484. 11111)οη1105οω] 599. ΙΙ,
010101 415. ΙΙ, 359. 403. 11115010 559. 560. ΙΙ, 19.
11011 415. 595. ΙΙ, 359. 403. 111010610001011 ΙΙ, 113.

m mmmm

8101101 ΙΙ, 718.

010111 169. 415. 0111091197. 335.

8101110 ΙΙ, 718. 85111 ΙΙ, 499. 605. ¹

110101415754. ΙΙ, 114. 0510000111 554. II, 199.

81001111, 718. 908. 0510110010 ΙΙ, 199.

suae 697. 698. 699. 778. 0 1011195. 554. ΙΙ, 911919.
779. ΙΙ, 915. rina ΙΙ, 110.

0000511 698. 699. ΙΙ, 915. Urinai ΙΙ, 110.

sum 11, 56. 198. 0101111, 21. 22.

1101011909. uruvo ΙΙ, 388.

0701696. 698699. 778. 779. 00001011 553. 713. ΙΙ, 911.

1001100οΙ 574. 580. 791. 11, 0051001 554. Π, 59. 579.

 

