41144444 103. 280. 652. 714.

141411.01.444.11,11.
41111 207. 306.
4114111414- Π, 378
4141441441οῶ 11,14.
1111414414 240
111111 714,
411411, 14.
4416-Π,14.
414614141441143. 165. 652.
mmmmm.
4141114144 143. 166. 562. ΙΙ,
663. 679.
1411 41.
ΜΠΜῊ
44ἳί 745.
44 41 11, 271.
44641441441662. ΙΙ, 490.

441414441 210. 674. 768.

II 181.

&mmmm

909.
14 293.
4 04141499100797.
44041414 797.’
44411 141411, 910..
44 4714.

mmmmmm

430. 909.
4414111, 14. 27. 271
mmssm
41141790.
4111790.
aprus 130. 11, 14. 536. 11,

41 1414111, 78
41141241. 669.
4141110115.

4141411410 570. 11, 48. 123.

4114140111, 125.
4144414411, 14.

4144114 207. 241.

444 203. 229.
4441441240.

444 698.

4440414 601.

44411414 Π, 351. 728.
444414 433. 434.
4141411141 143. 166. 662. 11,
4111411414 240. ΙΙ, 358
41114111ιὸ86. 11, 123 393.
41141410 686. ΙΙ,123.
41141411 11, 718.
4441745. 79011, 264.
mmmm&
44414 746.

4444 745.

4414401414 ΙΙ, 126.
441174679011, 264.
44114414657. 11, 732
4414 745.

—m2-

114444 429.

64441441429. 653. 11, 16.

663. 679.
benus 184. 11, 579.

11441140 184. 429. 663. 666.

11, 62. 663. 679.
11441141 429. 663. 11, 998.
herus 1111.

1144 672.
11441 Π, 64.

11414 Π, 15.

114114 91. 207.
(14144414
·1141441441414.
doeendus 4411, 15.
(14411411, 16. 637. 999.
(11610 11, 78.

dio· 382.

dira 607.

11114444 11, 731.
1111414 414.

(11141141 414. 552.
(1114 207. 414.
1141141444 ΙΙ, 17. 20.
gefe 11, 260. 263.

441387. ΙΙ, 339. 919.

eam 387, 11, 339.

41411 240.

mmmm&

411 166.

4114 155.

4114411114 78. 155.

4114411411, 17. 29.

4144 387.

4111411, 78.

11114411 436.

4144414 ΙΙ, 126.

emantur 237. 11 , 18, 22.
126. 263. 602. 696. 731.

mmmm

44014 387. Π, 20. 695.

44414 207.

44014 387. 606. 11, 20.

40 337.

41411 11, 915.

4141011111, 916.

4141 11, 881.

4141441 11, 916.

ΜΜ4ΜΜΜ

4140 916.

4141 ΙΙ, 881. 919.

4141411 ΙΙ, 916.

411414 530. Π,17. 31. 123.
210. 211. 212. 606.

4101411, 123.

414 ΙΙ, 123. 915.

441114 ΙΙ, 846.

4411141 11, 846.

440 206. 386. 777.

4401111, 916.

441 Π, 17.

-441 Π, 917.

4414 206. ΙΙ, 223.

444 155.

4441386. 777.

44411 386. 777. 11, 915.
44111111 376. 698.
444444144 11, 123.
4141444 ΙΙ, 351. 728.
414144 255.

414410 11, 1027.

41141 ΙΙ, 537.

4114 11, 909.

414 207.

4111041387. Π, 339. 916.

14141441423. 554.

&mmmmm

14041414 423. 11, 78. 313.

wfflmmmm

14414 68.

14144114- II, 16. 304.

1411141144 770. 800. ΙΙ, 14.
79. 366. 722.

14116811, 14.

1414177111, 253.

141410100.168.11,14.

mfflssss

1411114 11, 260.

14111191.

141146144. ΙΙ, 342. 379.

mmmmm

ferom 467.

14110 461.

mmmmstmm

mmmmm

14444- 422.

1444414141.

1444414141.

1414 207.

11111411, 78. 909.

fildas 770. ΙΙ, 722.

61114 41.

111111 11, 126. 342. 379.

1114100,

111441 790.

1140414 11, 264.

10441 75311, 253.

104 256.

frater 763.

11411410 Π, 308.

11411414 11, 308. 636. 606.

11411011, 123.

fratrom 670. 11, 536.

11411411, 123.

fratrum 570. 11, 123. 536.

1141144 670. 11, 126. 536.

11411111 41. 97. 605.

11044104144111, 646.

1414 143. 164. 363.

1111441 143. 417.

141441 143. 563. 11, 52.
10261026.

fun 184.

 

